L = 6
Nh = 0

tl = 1.0
tr = 1.0
Jzl = -1.0
Jzr = -1.0
Jpml = -0.7411011265922482
Jpmr = -0.7411011265922482

EIGVECS = 1
CORR = 1
RESETOLDFILES = 1
