L = 6
Nh = 1

tl = 1.0
tr = 1.0
Jzl = -1.0
Jzr = -1.0
Jpml = -0.1486983549970351
Jpmr = -0.1486983549970351

EIGVECS = 1
CORR = 1
RESETOLDFILES = 1
