L = 6
Nh = 1

tl = 1.0
tr = 1.0
Jzl = -1.0
Jzr = -1.0
Jpml = -0.41421356237309515
Jpmr = -0.41421356237309515

EIGVECS = 1
CORR = 1
RESETOLDFILES = 1
