L = 6
Nh = 0

tl = 1.0
tr = 1.0
Jzl = -1.0
Jzr = -1.0
Jpml = -0.6245047927124712
Jpmr = -0.6245047927124712

EIGVECS = 1
CORR = 1
RESETOLDFILES = 1
